model_PTC-Net_20250822_1938_epoch_001, 34.51, 16.68, 50.06, 24.15, 44.63, 29.71, 43.30, 32.30, 43.13, 25.71
model_PTC-Net_20250822_1938_epoch_010, 71.36, 51.42, 77.64, 55.14, 71.10, 51.69, 68.23, 56.15, 72.08, 53.60
model_PTC-Net_20250822_1938_epoch_020, 73.77, 54.71, 81.90, 59.21, 71.37, 56.05, 72.24, 60.48, 74.82, 57.61
model_PTC-Net_20250822_1938_epoch_030, 78.90, 61.01, 82.28, 60.76, 74.26, 56.32, 75.52, 64.63, 77.74, 60.68
model_PTC-Net_20250822_1938_epoch_040, 80.12, 62.53, 86.20, 65.84, 79.97, 63.65, 79.86, 69.49, 81.54, 65.38
model_PTC-Net_20250822_1938_epoch_050, 83.35, 66.95, 89.83, 70.68, 82.67, 68.56, 81.14, 70.70, 84.25, 69.22
model_PTC-Net_20250822_1938_epoch_060, 84.87, 69.17, 89.50, 70.74, 83.34, 68.00, 81.42, 71.76, 84.78, 69.92
model_PTC-Net_20250822_1938_epoch_070, 85.06, 69.86, 90.79, 74.35, 84.55, 69.48, 82.55, 71.73, 85.74, 71.36
model_PTC-Net_20250822_1938_epoch_080, 85.13, 70.43, 90.66, 75.77, 85.48, 69.03, 83.44, 73.81, 86.18, 72.26
model_PTC-Net_20250822_1938_epoch_090, 84.68, 69.47, 90.21, 74.62, 85.69, 69.76, 82.91, 73.98, 85.87, 71.96
model_PTC-Net_20250822_1938_epoch_100, 85.93, 71.28, 90.40, 74.11, 86.56, 72.77, 83.59, 74.26, 86.62, 73.10
model_PTC-Net_20250822_1938_epoch_110, 86.73, 72.18, 93.04, 76.93, 86.43, 72.10, 84.55, 74.94, 87.68, 74.04
model_PTC-Net_20250822_1938_epoch_120, 85.98, 71.33, 91.31, 75.12, 86.02, 71.37, 84.22, 74.81, 86.88, 73.16
model_PTC-Net_20250822_1938_epoch_130, 86.85, 72.69, 91.24, 75.90, 85.01, 71.11, 84.60, 76.02, 86.93, 73.93
model_PTC-Net_20250822_1938_epoch_140, 86.66, 72.33, 90.92, 75.13, 86.70, 72.72, 83.76, 74.51, 87.01, 73.67
model_PTC-Net_20250822_1938_epoch_150, 87.74, 73.42, 92.21, 76.23, 87.77, 73.20, 84.62, 75.04, 88.08, 74.47
model_PTC-Net_20250822_1938_epoch_160, 87.21, 72.67, 91.37, 75.32, 88.31, 75.47, 84.22, 74.48, 87.78, 74.49
model_PTC-Net_20250822_1938_epoch_170, 88.15, 74.03, 93.43, 78.54, 87.71, 73.59, 85.81, 76.17, 88.77, 75.58
model_PTC-Net_20250822_1938_epoch_180, 87.38, 73.75, 93.11, 78.81, 88.85, 75.27, 86.64, 77.21, 89.00, 76.26
model_PTC-Net_20250822_1938_epoch_190, 88.24, 74.37, 91.50, 76.16, 86.70, 73.46, 85.96, 76.60, 88.10, 75.15
model_PTC-Net_20250822_1938_epoch_200, 86.12, 71.57, 91.24, 74.28, 87.57, 71.43, 82.93, 74.16, 86.97, 72.86
model_PTC-Net_20250822_1938_epoch_210, 88.28, 74.44, 92.85, 76.41, 87.64, 73.45, 83.39, 74.16, 88.04, 74.62
model_PTC-Net_20250822_1938_epoch_220, 88.68, 75.22, 92.27, 77.45, 87.50, 74.33, 86.11, 77.61, 88.64, 76.15
model_PTC-Net_20250822_1938_epoch_230, 89.04, 75.94, 93.43, 77.77, 87.50, 73.92, 85.45, 76.78, 88.86, 76.10
model_PTC-Net_20250822_1938_epoch_240, 88.75, 75.09, 91.18, 75.65, 88.31, 73.60, 83.64, 74.46, 87.97, 74.70
model_PTC-Net_20250822_1938_epoch_250, 89.15, 75.94, 92.08, 77.83, 88.58, 72.58, 84.90, 75.19, 88.68, 75.39
model_PTC-Net_20250822_1938_epoch_260, 89.93, 76.74, 92.86, 79.76, 88.71, 75.14, 87.22, 78.44, 89.68, 77.52
model_PTC-Net_20250822_1938_epoch_270, 89.72, 76.87, 93.88, 79.05, 89.86, 76.15, 86.99, 78.12, 90.11, 77.55
model_PTC-Net_20250822_1938_epoch_280, 89.35, 76.01, 93.95, 78.98, 88.51, 75.27, 85.58, 76.30, 89.35, 76.64
model_PTC-Net_20250822_1938_epoch_290, 90.02, 76.86, 93.81, 79.90, 88.99, 76.35, 86.08, 77.64, 89.73, 77.69
model_PTC-Net_20250822_1938_epoch_300, 89.84, 76.69, 93.63, 79.25, 89.12, 76.62, 86.74, 78.09, 89.83, 77.66
model_PTC-Net_20250822_1938_epoch_310, 89.93, 77.19, 93.82, 81.19, 89.46, 75.28, 87.16, 79.15, 90.09, 78.20
model_PTC-Net_20250822_1938_epoch_320, 89.51, 76.46, 94.46, 78.54, 87.24, 73.33, 85.99, 77.64, 89.30, 76.49
model_PTC-Net_20250822_1938_epoch_330, 90.29, 77.39, 92.40, 76.28, 88.51, 73.65, 85.32, 76.20, 89.13, 75.88
model_PTC-Net_20250822_1938_epoch_340, 89.63, 76.69, 94.20, 79.64, 89.25, 75.47, 87.27, 78.92, 90.08, 77.68
model_PTC-Net_20250822_1938_epoch_350, 89.63, 76.24, 92.53, 78.29, 88.57, 73.85, 85.66, 76.45, 89.10, 76.21
model_PTC-Net_20250822_1938_epoch_360, 91.13, 78.71, 94.59, 81.63, 89.45, 75.34, 87.70, 79.33, 90.72, 78.75
model_PTC-Net_20250822_1938_epoch_370, 91.11, 78.81, 93.95, 80.99, 89.85, 76.61, 87.62, 80.08, 90.63, 79.12
model_PTC-Net_20250822_1938_epoch_380, 90.96, 78.74, 94.52, 81.70, 90.66, 77.15, 88.63, 80.61, 91.19, 79.55
model_PTC-Net_20250822_1938_epoch_381, 91.19, 78.99, 94.72, 82.41, 90.93, 77.22, 88.78, 81.14, 91.41, 79.94
model_PTC-Net_20250822_1938_epoch_382, 91.06, 78.92, 94.52, 83.11, 91.26, 77.48, 89.03, 81.44, 91.47, 80.24
model_PTC-Net_20250822_1938_epoch_383, 91.35, 79.35, 94.07, 82.02, 91.06, 77.69, 88.53, 81.29, 91.25, 80.09
model_PTC-Net_20250822_1938_epoch_384, 91.24, 79.07, 94.08, 82.28, 91.06, 77.08, 88.63, 81.19, 91.25, 79.91
model_PTC-Net_20250822_1938_epoch_385, 91.04, 78.80, 94.65, 82.60, 91.53, 78.29, 88.71, 81.32, 91.48, 80.26
model_PTC-Net_20250822_1938_epoch_386, 91.33, 79.07, 94.27, 81.76, 90.38, 77.28, 88.15, 80.64, 91.03, 79.69
model_PTC-Net_20250822_1938_epoch_387, 91.23, 78.92, 94.14, 82.34, 91.20, 77.62, 88.65, 80.92, 91.30, 79.95
model_PTC-Net_20250822_1938_epoch_388, 91.14, 78.98, 94.78, 82.79, 90.92, 78.02, 88.86, 81.37, 91.43, 80.29
model_PTC-Net_20250822_1938_epoch_389, 90.80, 78.32, 94.72, 82.67, 90.26, 77.22, 88.73, 81.19, 91.13, 79.85
model_PTC-Net_20250822_1938_epoch_390, 91.45, 79.22, 94.92, 82.09, 90.79, 78.09, 88.91, 81.37, 91.52, 80.19
model_PTC-Net_20250822_1938_epoch_391, 90.62, 78.21, 94.78, 82.15, 91.13, 77.49, 88.93, 81.88, 91.37, 79.93
model_PTC-Net_20250822_1938_epoch_392, 91.48, 79.27, 94.33, 81.70, 91.07, 77.35, 88.65, 81.47, 91.38, 79.95
model_PTC-Net_20250822_1938_epoch_393, 91.35, 79.14, 93.94, 80.80, 91.06, 77.89, 87.80, 80.64, 91.04, 79.62
model_PTC-Net_20250822_1938_epoch_394, 91.33, 79.16, 94.27, 81.83, 91.07, 77.62, 88.43, 81.24, 91.27, 79.96
model_PTC-Net_20250822_1938_epoch_395, 91.09, 78.87, 94.46, 81.77, 91.60, 77.95, 88.96, 81.45, 91.53, 80.01
model_PTC-Net_20250822_1938_epoch_396, 91.05, 78.90, 94.79, 81.57, 91.94, 79.16, 88.88, 81.24, 91.66, 80.22
model_PTC-Net_20250822_1938_epoch_397, 91.37, 79.29, 94.65, 81.57, 91.40, 78.83, 88.28, 80.99, 91.43, 80.17
model_PTC-Net_20250822_1938_epoch_398, 91.17, 78.92, 94.53, 81.25, 91.53, 78.76, 88.73, 80.84, 91.49, 79.94
model_PTC-Net_20250822_1938_epoch_399, 90.67, 78.43, 94.40, 81.38, 91.06, 79.24, 89.13, 81.57, 91.32, 80.15
model_PTC-Net_20250822_1938_epoch_400, 91.26, 78.93, 94.72, 82.60, 91.27, 78.49, 88.96, 81.37, 91.55, 80.35
model_PTC-Net_20250822_1938_epoch_401, 91.30, 79.13, 94.79, 81.57, 91.13, 79.16, 88.91, 80.99, 91.53, 80.21
model_PTC-Net_20250822_1938_epoch_402, 90.93, 78.51, 94.33, 82.67, 91.40, 78.77, 89.13, 81.90, 91.45, 80.46
model_PTC-Net_20250822_1938_epoch_403, 91.13, 78.82, 94.72, 82.02, 91.46, 79.70, 88.75, 81.24, 91.52, 80.45
model_PTC-Net_20250822_1938_epoch_404, 91.04, 78.86, 93.43, 80.79, 91.60, 79.04, 88.58, 80.61, 91.16, 79.82
model_PTC-Net_20250822_1938_epoch_405, 91.31, 79.07, 93.75, 80.86, 91.94, 78.96, 88.55, 80.46, 91.39, 79.84
model_PTC-Net_20250822_1938_epoch_406, 91.14, 78.81, 94.34, 81.89, 91.80, 78.83, 88.86, 81.27, 91.53, 80.20
model_PTC-Net_20250822_1938_epoch_407, 91.57, 79.44, 94.33, 81.11, 91.80, 79.23, 88.55, 81.24, 91.56, 80.26
model_PTC-Net_20250822_1938_epoch_408, 91.21, 79.05, 94.85, 81.57, 91.67, 79.84, 89.08, 81.42, 91.70, 80.47
model_PTC-Net_20250822_1938_epoch_409, 91.44, 79.33, 94.40, 81.96, 91.87, 79.84, 88.96, 81.57, 91.66, 80.67
model_PTC-Net_20250822_1938_epoch_410, 91.32, 79.24, 95.17, 81.44, 92.00, 79.84, 88.88, 81.42, 91.84, 80.49
model_PTC-Net_20250822_1938_epoch_411, 91.36, 79.32, 94.78, 81.63, 92.41, 79.43, 89.03, 81.50, 91.90, 80.47
model_PTC-Net_20250822_1938_epoch_412, 91.37, 79.32, 94.20, 81.57, 91.87, 79.70, 89.06, 81.47, 91.62, 80.52
model_PTC-Net_20250822_1938_epoch_413, 90.91, 78.71, 94.27, 81.45, 91.93, 80.51, 89.34, 81.29, 91.61, 80.49
model_PTC-Net_20250822_1938_epoch_414, 91.37, 79.26, 94.20, 81.24, 91.13, 80.38, 89.08, 80.96, 91.45, 80.46
model_PTC-Net_20250822_1938_epoch_415, 91.38, 79.29, 94.20, 81.31, 92.00, 79.43, 88.98, 81.27, 91.64, 80.32
model_PTC-Net_20250822_1938_epoch_416, 91.47, 79.49, 94.59, 81.37, 91.20, 79.77, 89.56, 81.60, 91.70, 80.56
model_PTC-Net_20250822_1938_epoch_417, 91.43, 79.57, 94.40, 81.63, 91.06, 79.84, 89.13, 81.95, 91.51, 80.75
model_PTC-Net_20250822_1938_epoch_418, 91.29, 79.23, 95.17, 82.02, 91.19, 80.17, 88.78, 81.57, 91.61, 80.75
model_PTC-Net_20250822_1938_epoch_419, 91.33, 79.25, 94.27, 81.57, 91.06, 80.24, 88.55, 81.30, 91.30, 80.59
model_PTC-Net_20250822_1938_epoch_420, 91.20, 79.11, 94.78, 81.90, 91.60, 80.17, 89.29, 81.55, 91.72, 80.68
model_PTC-Net_20250822_1938_epoch_421, 91.64, 79.64, 94.59, 81.25, 91.06, 80.03, 89.06, 81.50, 91.59, 80.60
model_PTC-Net_20250822_1938_epoch_422, 91.34, 79.21, 95.17, 81.96, 90.93, 80.64, 89.08, 81.50, 91.63, 80.83
model_PTC-Net_20250822_1938_epoch_423, 91.38, 79.27, 95.43, 82.02, 91.80, 80.64, 89.03, 81.55, 91.91, 80.87
model_PTC-Net_20250822_1938_epoch_424, 91.17, 79.09, 94.65, 82.66, 91.80, 80.31, 89.54, 82.33, 91.79, 81.10
model_PTC-Net_20250822_1938_epoch_425, 91.16, 79.12, 95.04, 81.70, 91.00, 79.63, 89.06, 81.62, 91.56, 80.52
model_PTC-Net_20250822_1938_epoch_426, 91.41, 79.35, 94.98, 81.57, 91.40, 79.30, 89.16, 81.75, 91.74, 80.49
model_PTC-Net_20250822_1938_epoch_427, 91.48, 79.59, 94.59, 81.18, 91.33, 79.37, 88.98, 81.98, 91.60, 80.53
model_PTC-Net_20250822_1938_epoch_428, 91.38, 79.34, 94.33, 80.15, 91.60, 79.37, 88.68, 81.17, 91.50, 80.01
model_PTC-Net_20250822_1938_epoch_429, 91.33, 79.37, 94.92, 81.12, 91.19, 79.37, 88.60, 81.17, 91.51, 80.26
model_PTC-Net_20250822_1938_epoch_430, 91.45, 79.37, 94.52, 81.05, 90.99, 78.43, 88.93, 81.69, 91.48, 80.14
model_PTC-Net_20250822_1938_epoch_431, 91.38, 79.46, 94.65, 81.83, 90.72, 79.16, 89.08, 81.22, 91.46, 80.42
model_PTC-Net_20250822_1938_epoch_432, 91.32, 79.29, 95.17, 81.38, 91.06, 79.30, 89.21, 81.55, 91.69, 80.38
model_PTC-Net_20250822_1938_epoch_433, 90.17, 77.66, 94.85, 82.40, 90.79, 78.36, 89.16, 81.85, 91.24, 80.07
model_PTC-Net_20250822_1938_epoch_434, 91.46, 79.41, 94.40, 81.83, 91.26, 79.70, 89.03, 82.10, 91.54, 80.76
model_PTC-Net_20250822_1938_epoch_435, 91.38, 79.32, 94.59, 81.77, 90.72, 80.31, 89.08, 82.02, 91.44, 80.85
model_PTC-Net_20250822_1938_epoch_436, 91.27, 79.26, 94.53, 80.92, 91.53, 79.50, 89.13, 81.92, 91.62, 80.40
model_PTC-Net_20250822_1938_epoch_437, 91.44, 79.41, 94.53, 80.86, 92.07, 80.37, 89.16, 81.75, 91.80, 80.60
model_PTC-Net_20250822_1938_epoch_438, 91.15, 79.03, 94.98, 81.82, 91.67, 79.70, 89.11, 81.87, 91.72, 80.61
model_PTC-Net_20250822_1938_epoch_439, 91.34, 79.11, 94.98, 82.15, 91.26, 79.03, 89.13, 81.64, 91.68, 80.48
model_PTC-Net_20250822_1938_epoch_440, 91.35, 79.25, 94.78, 81.51, 90.92, 78.76, 89.06, 81.55, 91.53, 80.27
model_PTC-Net_20250822_1938_epoch_441, 91.37, 79.27, 94.33, 81.63, 91.06, 78.56, 89.23, 82.20, 91.50, 80.42
model_PTC-Net_20250822_1938_epoch_442, 91.21, 79.05, 94.65, 81.57, 90.39, 78.76, 89.01, 81.62, 91.32, 80.25
model_PTC-Net_20250822_1938_epoch_443, 91.28, 79.30, 94.65, 81.64, 91.20, 79.03, 88.96, 82.05, 91.52, 80.50
model_PTC-Net_20250822_1938_epoch_444, 91.30, 79.07, 94.66, 81.64, 90.59, 78.56, 88.88, 81.67, 91.36, 80.24
model_PTC-Net_20250822_1938_epoch_445, 91.44, 79.29, 94.66, 81.64, 90.39, 78.77, 89.09, 80.99, 91.39, 80.17
model_PTC-Net_20250822_1938_epoch_446, 91.46, 79.41, 94.92, 82.08, 91.00, 79.71, 89.11, 81.42, 91.62, 80.66
model_PTC-Net_20250822_1938_epoch_447, 91.33, 79.07, 94.98, 82.08, 91.00, 79.16, 89.31, 82.08, 91.65, 80.60
model_PTC-Net_20250822_1938_epoch_448, 91.32, 79.13, 94.66, 82.47, 91.20, 79.63, 89.08, 82.10, 91.56, 80.83
model_PTC-Net_20250822_1938_epoch_449, 90.81, 78.49, 94.92, 82.28, 91.93, 80.24, 88.68, 81.75, 91.58, 80.69
model_PTC-Net_20250822_1938_epoch_450, 91.06, 78.80, 94.78, 82.02, 92.14, 80.18, 88.83, 81.44, 91.70, 80.61
model_PTC-Net_20250822_1938_epoch_451, 91.44, 79.50, 94.91, 81.38, 91.73, 79.23, 89.06, 81.54, 91.79, 80.41
model_PTC-Net_20250822_1938_epoch_452, 91.50, 79.41, 94.72, 81.51, 91.80, 79.84, 88.98, 81.39, 91.75, 80.54
model_PTC-Net_20250822_1938_epoch_453, 91.48, 79.44, 94.72, 80.86, 91.94, 79.56, 88.88, 81.54, 91.75, 80.35
model_PTC-Net_20250822_1938_epoch_454, 91.37, 79.21, 94.53, 81.83, 92.14, 79.37, 89.06, 81.62, 91.77, 80.50
model_PTC-Net_20250822_1938_epoch_455, 91.27, 79.06, 94.46, 82.02, 92.27, 80.10, 89.23, 81.77, 91.81, 80.74
model_PTC-Net_20250822_1938_epoch_456, 91.62, 79.63, 94.98, 81.51, 91.67, 79.30, 88.88, 81.67, 91.79, 80.53
model_PTC-Net_20250822_1938_epoch_457, 91.29, 78.97, 94.59, 81.51, 91.94, 80.04, 89.08, 81.62, 91.72, 80.54
model_PTC-Net_20250822_1938_epoch_458, 91.22, 78.83, 94.59, 81.96, 92.34, 79.91, 88.98, 81.75, 91.78, 80.61
model_PTC-Net_20250822_1938_epoch_459, 91.48, 79.42, 94.40, 81.76, 91.73, 79.64, 89.01, 81.67, 91.66, 80.62
model_PTC-Net_20250822_1938_epoch_460, 91.63, 79.54, 94.53, 81.06, 92.01, 79.63, 88.98, 81.82, 91.78, 80.51
model_PTC-Net_20250822_1938_epoch_461, 91.49, 79.45, 95.04, 81.77, 91.40, 80.17, 89.21, 81.49, 91.79, 80.72
model_PTC-Net_20250822_1938_epoch_462, 91.40, 79.33, 95.11, 82.09, 91.80, 80.51, 89.36, 82.25, 91.92, 81.05
model_PTC-Net_20250822_1938_epoch_463, 91.34, 79.17, 94.72, 81.76, 91.87, 80.31, 89.13, 81.95, 91.77, 80.80
model_PTC-Net_20250822_1938_epoch_464, 91.56, 79.59, 94.91, 82.09, 91.87, 80.37, 89.56, 81.80, 91.98, 80.96
model_PTC-Net_20250822_1938_epoch_465, 91.51, 79.61, 94.72, 81.51, 91.53, 79.70, 88.70, 81.14, 91.62, 80.49
model_PTC-Net_20250822_1938_epoch_466, 91.54, 79.54, 95.17, 81.83, 91.46, 80.44, 89.31, 81.97, 91.87, 80.95
model_PTC-Net_20250822_1938_epoch_467, 91.59, 79.64, 94.46, 80.99, 91.73, 79.77, 88.86, 81.67, 91.66, 80.52
model_PTC-Net_20250822_1938_epoch_468, 91.45, 79.26, 94.79, 81.25, 91.47, 80.37, 89.21, 81.95, 91.73, 80.71
model_PTC-Net_20250822_1938_epoch_469, 91.65, 79.76, 94.78, 81.19, 91.73, 80.04, 89.13, 81.60, 91.83, 80.64
model_PTC-Net_20250822_1938_epoch_470, 91.52, 79.61, 94.72, 81.90, 91.33, 80.10, 88.91, 81.67, 91.62, 80.82
model_PTC-Net_20250822_1938_epoch_471, 91.53, 79.43, 94.91, 81.63, 91.80, 80.44, 89.56, 82.33, 91.95, 80.96
model_PTC-Net_20250822_1938_epoch_472, 91.59, 79.53, 95.04, 81.64, 91.87, 79.71, 89.34, 82.28, 91.96, 80.79
model_PTC-Net_20250822_1938_epoch_473, 91.57, 79.49, 94.85, 81.19, 91.33, 79.63, 89.08, 81.87, 91.71, 80.55
model_PTC-Net_20250822_1938_epoch_474, 91.68, 79.70, 94.40, 81.12, 91.46, 80.30, 89.34, 82.00, 91.72, 80.78
model_PTC-Net_20250822_1938_epoch_475, 91.48, 79.44, 94.79, 81.57, 91.93, 79.77, 89.21, 82.18, 91.85, 80.74
model_PTC-Net_20250822_1938_epoch_476, 91.55, 79.54, 94.79, 81.89, 92.01, 80.17, 89.59, 82.30, 91.98, 80.98
model_PTC-Net_20250822_1938_epoch_477, 91.61, 79.64, 94.72, 81.51, 91.80, 80.10, 88.88, 81.77, 91.75, 80.75
model_PTC-Net_20250822_1938_epoch_478, 91.59, 79.67, 95.04, 81.64, 91.87, 80.17, 89.38, 81.85, 91.97, 80.83
model_PTC-Net_20250822_1938_epoch_479, 91.55, 79.66, 94.72, 80.93, 91.73, 79.90, 89.11, 81.80, 91.78, 80.57
model_PTC-Net_20250822_1938_epoch_480, 91.45, 79.41, 94.53, 81.70, 91.60, 80.71, 89.38, 82.18, 91.74, 81.00
model_PTC-Net_20250822_1938_epoch_481, 91.49, 79.30, 94.72, 81.83, 92.00, 80.85, 89.51, 82.02, 91.93, 81.00
model_PTC-Net_20250822_1938_epoch_482, 91.63, 79.61, 94.85, 81.57, 91.40, 80.44, 89.18, 81.90, 91.77, 80.88
model_PTC-Net_20250822_1938_epoch_483, 91.59, 79.48, 95.04, 81.31, 91.67, 80.04, 89.08, 81.92, 91.84, 80.69
model_PTC-Net_20250822_1938_epoch_484, 91.58, 79.66, 94.79, 81.25, 91.33, 80.10, 89.13, 82.15, 91.71, 80.79
model_PTC-Net_20250822_1938_epoch_485, 91.52, 79.42, 94.92, 81.64, 91.60, 81.11, 89.21, 82.08, 91.81, 81.06
